0 0.421094 0.388281 0.282813 0.204687
0 0.592969 0.587500 0.376563 0.250000
0 0.717969 0.830469 0.348438 0.285938
0 0.186719 0.798438 0.354687 0.340625
0 0.272656 0.528906 0.251563 0.217188
0 0.470313 0.890625 0.312500 0.218750
0 0.835938 0.474219 0.328125 0.235937
0 0.661719 0.303906 0.301563 0.173437
0 0.905469 0.253125 0.189062 0.221875
0 0.389844 0.174219 0.242188 0.189062
0 0.252344 0.341406 0.292187 0.189062
0 0.135156 0.205469 0.270313 0.167187
0 0.603906 0.111719 0.239063 0.223438
0 0.200781 0.077344 0.276562 0.154688
