0 0.578906 0.388281 0.282813 0.204687
0 0.408594 0.587500 0.376563 0.250000
0 0.282031 0.830469 0.348438 0.285938
0 0.813281 0.798438 0.354687 0.340625
0 0.728906 0.528906 0.251563 0.217188
0 0.529687 0.890625 0.312500 0.218750
0 0.164062 0.474219 0.328125 0.235937
0 0.339844 0.303906 0.301563 0.173437
0 0.094531 0.253125 0.189062 0.221875
0 0.611719 0.174219 0.242188 0.189062
0 0.749219 0.341406 0.292187 0.189062
0 0.864844 0.205469 0.270313 0.167187
0 0.396094 0.111719 0.239063 0.223438
0 0.799219 0.077344 0.276562 0.154688
