0 0.507812 0.257031 0.175000 0.285938
0 0.461719 0.529687 0.195312 0.253125
0 0.507812 0.812500 0.240625 0.337500
0 0.305469 0.736719 0.207813 0.329688
0 0.671875 0.674219 0.212500 0.254688
0 0.804688 0.482812 0.221875 0.359375
0 0.126562 0.410156 0.237500 0.307812
0 0.339062 0.348438 0.175000 0.278125
0 0.112500 0.864062 0.225000 0.271875
0 0.105469 0.675000 0.210938 0.243750
0 0.812500 0.871094 0.253125 0.257812
0 0.907813 0.728125 0.184375 0.331250
0 0.632812 0.474219 0.171875 0.257812
0 0.675000 0.238281 0.150000 0.235937
0 0.841406 0.291406 0.167187 0.189062
0 0.785156 0.096875 0.173437 0.193750
0 0.932031 0.173437 0.135937 0.231250
0 0.309375 0.114844 0.181250 0.229687
0 0.099219 0.146875 0.195312 0.253125
